38
40
40
40
36
38
38
40
40
40
36
40
38
38
40
42
72
272
278
276
66
274
278
276
74
278
278
272
68
272
280
272
70
274
278
272
260
268
282
274
74
274
1272
274
66
274
278
276
72
274
280
274
280
270
280
272
70
272
36
274
68
276
280
70
72
268
282
272
66
38
278
274
280
276
280
274
278
272
282
1104
38
272
278
1200
68
278
278
274
68
274
280
42
64
274
282
274
72
274
278
270
66
272
274
272
72
270
274
272
66
270
280
276
72
274
284
274
68
272
280
272
72
272
280
272
64
272
278
270
72
272
274
272
66
274
282
276
280
276
282
274
66
272
276
274
72
272
280
252
280
270
278
272
278
274
278
276
280
272
36
248
282
272
278
270
276
274
276
274
280
38
278
272
66
270
260
266
72
276
260
278
38
270
254
274
72
272
280
274
68
274
278
270
70
272
280
274
66
268
280
270
72
268
282
274
66
276
280
276
72
272
282
272
68
272
278
268
70
272
280
272
66
272
280
276
74
270
280
276
64
270
278
272
74
274
280
270
278
272
278
272
274
274
280
272
282
272
278
38
256
272
278
272
64
272
278
272
