36
40
38
38
38
40
38
38
38
40
38
40
36
38
40
42
70
274
278
274
68
272
284
270
70
272
278
272
66
274
276
274
72
272
280
278
278
270
278
272
68
272
278
272
68
274
278
272
74
278
282
272
278
276
276
270
72
268
40
272
66
272
276
72
68
272
282
272
66
40
278
272
278
272
276
276
278
272
280
274
42
270
280
272
66
276
280
274
72
272
276
40
64
272
284
272
74
274
278
274
62
272
278
272
70
272
280
274
66
274
278
274
70
274
282
276
66
272
1060
270
72
272
278
274
66
274
278
272
68
274
276
272
66
272
278
274
280
272
278
274
66
276
274
270
70
270
278
270
278
274
278
270
278
274
282
274
278
274
40
272
278
274
280
272
284
276
280
274
280
40
278
276
68
270
256
272
68
274
256
272
36
272
256
274
70
274
280
270
62
272
276
270
70
274
276
274
62
274
278
274
72
274
280
276
68
272
278
274
70
272
276
272
64
272
280
272
72
274
280
272
68
276
276
276
72
272
278
276
68
272
282
268
70
276
278
272
278
268
274
272
280
270
280
278
1250
272
280
40
1284
274
274
268
66
274
280
276
