40
40
40
38
38
42
38
38
40
40
38
40
36
38
38
38
70
272
282
272
66
272
280
276
72
252
278
274
64
274
280
272
70
274
282
276
276
278
282
270
72
272
278
274
66
272
282
270
72
270
278
272
284
272
294
276
72
270
36
272
66
272
276
68
74
274
276
272
66
42
276
274
280
274
280
276
278
270
278
274
38
272
280
278
64
274
282
274
70
276
280
40
66
272
274
272
74
274
278
272
66
272
278
272
74
272
1206
276
66
272
278
272
74
274
278
268
66
274
278
272
72
274
278
272
66
46
284
274
74
270
278
272
64
270
282
272
276
270
278
274
64
276
278
1030
72
272
278
272
280
272
282
272
278
274
278
274
278
270
40
278
278
276
280
274
284
272
280
274
282
38
280
276
64
270
254
272
70
272
266
270
38
272
254
272
74
272
280
276
68
272
282
270
72
270
280
272
64
274
278
272
72
270
280
274
64
272
280
274
72
272
280
272
64
276
278
276
72
270
282
274
66
272
278
272
70
274
278
272
66
278
276
276
70
274
280
274
280
272
280
274
280
276
280
274
282
274
278
40
280
268
282
272
64
274
280
272
