40
42
40
42
40
42
40
40
40
44
38
42
42
40
42
40
76
274
280
274
64
276
284
276
70
246
282
272
68
274
280
272
72
280
282
272
258
274
278
274
72
278
280
276
70
272
284
248
72
272
282
274
286
274
284
274
72
278
38
272
70
276
280
72
74
272
280
272
70
38
284
280
282
272
286
276
280
278
280
274
40
1108
278
272
68
276
284
276
70
274
282
38
68
276
278
278
74
274
278
274
68
272
282
272
72
274
280
270
68
276
282
274
72
274
280
272
68
274
286
276
74
268
280
274
64
252
280
276
74
272
278
276
66
274
278
272
282
274
278
270
68
280
280
274
70
276
280
250
278
274
280
276
280
276
282
272
280
274
42
252
280
274
282
278
284
274
1214
272
280
40
280
274
66
272
256
274
74
274
262
272
40
276
258
274
72
276
280
274
66
272
282
276
72
272
282
272
66
274
282
272
72
276
282
278
68
274
278
1022
72
276
278
274
66
272
280
274
72
276
286
272
68
276
282
272
70
278
282
272
68
276
278
270
72
272
282
272
280
278
280
274
280
272
280
278
278
274
280
40
262
276
280
276
66
274
282
272
