40
38
42
40
40
40
44
40
40
40
40
40
42
38
42
38
76
274
282
274
70
276
280
268
76
274
282
276
66
268
282
268
74
270
280
276
262
274
280
274
70
276
278
276
68
278
284
248
70
276
282
272
284
276
284
272
74
270
42
276
70
276
282
66
76
270
284
274
70
40
280
272
282
270
280
272
284
270
280
272
42
274
282
272
68
274
280
272
76
272
282
40
68
270
280
272
70
272
284
1040
68
270
282
1278
76
276
280
272
68
274
284
268
78
272
286
276
66
276
282
272
70
272
284
274
68
276
280
272
74
272
280
274
66
272
282
268
258
268
284
274
70
272
282
268
76
272
280
250
278
272
280
272
282
274
282
276
278
274
42
250
284
276
282
274
282
270
284
274
282
42
286
270
66
274
258
274
74
274
256
272
40
274
256
270
74
272
284
270
68
274
280
268
70
274
282
272
68
268
282
270
72
270
282
268
68
274
282
270
72
268
280
270
64
276
284
268
76
274
282
268
72
276
280
272
72
272
282
272
66
1050
280
268
74
272
282
278
280
270
278
272
286
272
282
274
280
272
284
40
262
274
280
274
66
272
278
270
