40
42
38
42
38
42
40
40
40
40
38
40
42
38
38
40
72
272
280
274
68
272
278
274
74
276
280
276
68
274
280
272
76
278
276
274
282
278
276
274
72
270
284
276
68
274
282
274
72
274
280
274
282
276
280
276
72
272
40
272
66
272
282
72
72
272
282
272
68
42
278
276
282
1244
282
276
278
280
282
274
40
278
282
274
66
268
280
270
70
272
280
42
64
276
278
274
70
274
284
274
66
272
282
272
74
274
280
274
66
272
278
274
70
274
280
270
68
274
280
274
72
274
280
272
68
274
280
274
74
274
280
274
66
278
280
276
282
272
282
272
66
270
278
272
70
278
284
272
280
274
274
270
280
270
284
274
282
276
42
270
284
272
280
276
274
276
276
274
284
42
278
280
66
276
260
274
76
270
262
274
40
278
256
276
72
276
280
276
66
270
278
276
74
276
282
276
64
274
278
1020
70
272
284
1190
66
274
278
272
74
270
282
268
68
274
282
276
74
272
278
278
66
276
276
276
74
272
284
272
66
276
280
274
72
276
280
278
276
276
276
274
280
276
284
274
282
276
276
38
280
272
280
270
66
276
278
274
