40
40
38
42
40
40
44
40
42
38
40
38
40
40
40
40
76
272
282
274
68
270
286
272
72
250
286
276
70
272
286
268
74
276
278
274
206
272
282
274
70
274
280
272
68
272
284
270
72
270
286
272
284
278
284
274
74
274
44
272
66
274
284
68
72
1206
284
270
70
38
282
270
284
274
282
274
282
274
280
272
40
274
280
276
68
272
284
272
76
272
282
42
68
274
280
270
76
272
282
270
70
274
282
272
72
272
1132
272
68
276
282
274
72
274
284
268
68
272
286
274
72
272
280
274
70
68
280
274
76
272
278
274
70
270
284
274
280
272
282
276
68
274
282
272
70
274
282
246
284
272
280
274
278
272
280
272
284
272
44
246
282
270
280
276
282
274
280
272
280
40
282
276
68
274
256
276
72
270
262
270
40
274
260
272
76
274
276
272
66
274
284
1238
72
270
280
272
68
272
282
272
72
274
284
264
72
274
276
272
72
270
280
270
70
270
282
270
74
270
282
272
68
274
286
270
74
248
284
274
70
272
280
272
76
272
282
272
386
274
280
274
280
272
284
274
284
272
284
42
262
270
282
274
70
274
286
272
