38
42
40
36
38
40
38
40
38
40
40
40
44
44
44
46
44
46
46
46
46
46
44
46
46
46
44
46
46
46
44
46
44
46
264
46
282
46
280
48
44
44
44
74
44
46
44
252
268
46
268
46
282
46
46
48
44
44
260
76
64
48
46
44
46
44
46
46
44
274
42
46
46
44
44
246
68
48
64
48
278
46
66
46
72
44
270
44
270
46
282
256
72
46
66
44
64
46
70
46
274
44
274
46
46
274
250
44
284
44
202
46
280
46
274
46
274
46
274
46
1222
46
272
46
42
280
42
46
44
72
44
46
44
268
270
46
274
46
44
270
280
46
280
46
280
46
282
256
274
46
274
46
282
44
272
46
256
46
276
46
46
46
258
46
272
46
74
46
270
272
44
46
46
46
268
46
258
44
280
48
278
46
44
46
44
46
270
46
44
260
46
44
258
46
44
46
44
44
44
46
44
46
46
272
278
44
44
46
48
46
44
46
44
46
272
46
44
46
46
44
48
44
44
48
46
284
280
44
44
44
46
46
44
46
44
46
258
46
282
46
44
44
46
46
44
46
48
276
886
48
268
44
46
280
48
44
