26
22
24
22
24
24
24
22
24
24
22
22
24
22
22
24
24
22
22
24
24
22
22
22
22
22
24
22
24
22
22
22
22
24
22
22
22
22
24
24
24
24
22
24
22
24
24
22
22
22
22
24
24
24
22
20
24
24
22
22
24
22
20
22
24
22
24
24
22
24
22
24
24
22
24
24
20
24
22
24
24
22
22
22
22
24
22
22
26
18
22
6940
24
22
22
24
22
22
20
24
22
22
22
24
20
20
22
22
22
22
22
24
24
24
22
24
22
20
22
22
22
22
22
24
24
22
24
24
24
22
20
24
20
22
22
22
24
24
22
24
18
24
22
22
24
22
22
22
22
22
22
22
26
20
24
24
22
22
22
22
22
22
24
22
22
24
22
22
22
20
24
22
22
22
22
22
24
22
24
20
9132
20
24
22
20
24
22
22
22
24
24
24
20
22
24
20
24
24
24
22
22
22
22
22
22
22
24
22
24
22
22
22
20
20
22
24
22
22
24
22
22
24
22
22
22
22
22
22
22
24
20
20
24
22
24
22
24
24
24
20
22
20
22
24
20
24
24
7098
24
22
24
22
22
24
22
22
