38
42
40
42
38
42
40
42
40
42
40
40
40
40
40
40
40
40
40
42
42
42
40
42
38
40
38
40
40
40
40
40
40
40
38
42
38
42
40
40
38
40
40
42
38
42
40
40
38
40
42
42
40
42
40
42
40
40
40
42
40
40
40
42
46
260
282
50
46
44
38
42
276
48
46
46
254
50
44
284
40
40
40
262
44
48
44
48
46
76
72
42
42
40
278
48
46
202
46
78
46
274
44
40
38
276
44
50
44
46
46
76
66
46
40
42
272
48
44
48
46
46
46
46
46
42
38
42
46
46
258
46
46
272
268
48
40
40
40
274
280
46
280
48
44
48
46
40
38
42
274
46
44
46
270
48
46
282
40
38
36
280
44
46
46
48
46
46
44
42
38
42
278
50
280
48
258
48
46
990
40
40
38
272
44
48
46
50
46
46
46
46
40
42
40
40
40
276
262
46
44
264
274
42
40
40
38
40
278
46
46
46
46
46
40
42
38
42
40
46
70
46
44
48
46
40
40
42
42
42
40
48
48
46
46
78
38
40
40
40
40
40
278
48
44
48
46
40
40
42
38
42
38
48
44
48
