40
42
36
42
40
38
40
40
38
40
38
40
38
38
38
42
74
272
284
278
66
272
282
272
72
248
278
276
68
276
280
272
72
280
282
248
370
272
280
274
70
268
282
276
66
274
280
276
70
274
1152
276
262
272
282
272
70
278
40
272
68
272
258
68
70
274
260
270
66
40
280
292
282
272
278
272
280
274
280
272
40
250
280
272
68
272
280
998
74
272
284
40
66
272
282
252
72
272
280
274
66
272
282
266
76
278
282
276
64
272
282
276
72
278
280
278
68
270
278
272
72
276
280
274
68
248
414
270
72
270
280
272
68
272
280
278
282
274
280
276
66
282
258
274
70
314
280
250
282
276
278
272
280
274
280
274
280
272
42
250
280
276
282
272
278
278
278
276
280
42
256
272
66
252
260
274
74
272
260
272
38
272
256
302
72
248
282
272
66
272
280
278
74
274
278
274
66
276
278
270
70
276
280
276
64
274
278
272
74
274
276
272
68
892
258
272
74
250
282
264
66
276
282
252
72
270
254
272
68
276
282
272
72
276
292
270
270
276
282
270
284
276
278
276
280
276
278
42
262
280
280
254
68
280
280
274
