38
42
38
40
40
42
38
42
40
40
40
40
40
40
40
40
74
272
280
278
66
274
284
272
74
274
282
272
66
276
284
272
72
272
282
278
280
276
282
270
74
272
276
274
66
272
282
272
74
280
280
276
280
274
282
274
70
270
38
272
64
278
282
68
74
272
278
274
66
40
276
272
284
276
280
274
280
274
278
270
38
274
282
272
68
272
282
280
72
272
280
44
66
272
278
270
72
272
278
274
68
270
284
274
72
280
280
274
66
272
280
276
72
272
278
274
66
276
282
272
72
278
280
270
64
270
282
276
74
270
280
274
68
270
282
274
70
274
276
276
64
270
1094
272
74
272
280
278
282
270
282
272
280
272
280
272
280
274
40
254
276
276
282
274
278
270
282
272
278
40
280
252
68
272
260
272
72
276
262
1070
38
272
260
1006
74
270
280
270
68
274
282
270
72
272
278
272
64
276
284
270
74
274
278
276
66
278
276
272
74
278
276
274
64
278
284
272
72
272
278
276
66
274
280
274
74
276
278
270
64
276
280
278
74
274
280
278
280
272
284
272
280
280
284
272
282
276
280
42
258
274
278
276
68
274
280
274
