38
42
38
42
38
40
38
42
42
40
40
42
38
40
40
40
72
272
284
272
64
270
282
272
74
274
282
276
66
280
276
274
72
272
278
272
256
276
282
270
72
272
278
276
68
272
282
274
76
270
280
274
278
272
280
268
74
276
38
280
66
276
280
68
72
274
278
274
66
44
282
270
276
274
280
272
282
274
276
272
42
278
280
272
66
274
276
274
76
274
280
42
64
272
280
274
74
272
282
268
66
276
280
250
74
274
280
274
70
274
278
272
74
274
282
274
66
276
1086
276
72
276
278
274
68
278
280
272
70
274
284
272
66
274
278
274
278
270
280
278
68
276
282
278
74
276
276
252
278
274
280
268
280
276
278
278
282
274
36
1234
278
274
280
274
282
274
278
272
280
40
280
274
64
272
258
272
72
276
258
278
40
278
260
272
72
272
284
274
64
276
280
270
70
272
278
276
66
278
284
272
74
272
278
276
66
276
278
268
72
274
278
276
66
276
278
272
72
274
280
276
66
274
280
274
78
274
282
278
68
274
282
272
70
276
276
278
282
274
280
270
280
272
278
274
1084
272
278
40
262
276
280
272
64
276
280
272
