38
40
40
40
40
40
38
42
38
42
38
42
40
42
40
40
72
276
280
276
64
272
1146
256
74
274
278
272
66
272
280
272
72
272
314
270
280
276
302
274
70
278
282
272
66
326
278
274
76
272
282
274
278
274
278
274
70
276
40
276
66
272
282
72
72
276
282
272
68
40
280
272
278
272
280
274
276
274
278
274
38
272
278
252
64
276
282
272
72
272
282
40
66
262
376
274
70
272
282
274
66
272
282
274
72
254
280
272
66
274
278
272
70
274
276
272
66
272
280
268
72
276
282
258
68
270
282
290
70
274
278
272
64
276
254
276
256
270
282
270
68
274
278
274
72
276
280
272
284
278
282
278
278
274
280
270
282
272
40
250
280
270
280
276
278
276
282
274
280
40
282
250
64
274
258
272
74
274
258
272
40
272
264
262
74
278
278
274
64
252
256
278
72
1034
428
274
68
274
278
270
72
252
286
276
68
276
280
274
74
274
282
272
68
272
260
274
72
276
282
278
64
278
278
264
72
272
274
276
66
272
1030
274
72
272
284
274
260
250
278
274
276
276
280
274
280
276
280
44
260
272
286
276
64
274
282
272
