38
42
40
40
40
44
40
42
38
42
38
42
40
40
40
42
74
274
276
274
66
276
280
270
74
252
280
274
66
274
282
272
72
276
276
274
258
272
286
272
74
270
276
274
68
272
280
274
74
276
280
274
280
278
282
270
76
278
40
276
68
274
282
72
74
270
282
276
66
42
282
274
284
276
280
274
282
270
280
272
42
274
284
276
68
272
282
272
70
274
288
40
66
274
258
270
72
274
276
276
68
272
278
270
74
276
280
278
66
274
282
270
74
274
280
274
66
276
280
272
74
274
278
274
64
252
282
276
72
272
280
278
66
274
282
270
278
276
280
276
64
272
1242
274
72
274
282
272
280
272
280
270
278
274
280
280
282
276
38
256
278
278
280
272
280
270
278
280
284
40
282
276
68
278
258
276
72
274
260
1072
40
272
256
1038
74
274
280
276
68
276
280
274
72
278
280
276
66
276
280
272
72
270
278
276
66
278
282
272
74
274
278
278
66
274
284
274
72
268
278
272
66
276
282
270
74
270
276
274
64
276
280
272
72
270
278
276
284
272
278
270
280
274
280
274
280
272
280
40
260
274
276
272
68
276
280
272
