40
42
42
40
42
40
42
42
42
40
40
40
42
42
42
38
314
274
284
278
286
272
284
272
282
252
260
322
284
294
324
250
260
268
280
274
278
300
260
250
258
248
264
274
260
252
280
270
334
270
284
338
262
272
262
260
370
270
40
286
284
252
272
250
280
248
298
272
284
40
268
268
264
282
348
332
284
270
272
278
44
270
260
248
284
270
268
268
1308
270
280
38
282
248
286
274
1298
258
280
252
266
252
278
252
310
288
278
276
260
268
272
278
262
274
260
252
264
270
322
250
276
280
260
244
280
270
312
272
278
248
260
272
318
372
296
272
274
250
282
274
262
280
260
368
318
274
282
250
268
272
266
254
256
270
262
254
284
270
42
262
280
254
258
272
406
250
256
274
256
40
290
248
266
272
312
272
284
250
258
272
40
250
266
270
282
248
258
274
262
308
284
272
258
1220
284
276
328
428
266
252
394
250
278
268
284
272
292
274
266
270
286
296
324
270
282
278
328
272
260
248
282
266
284
246
282
258
260
276
282
248
324
304
360
272
258
250
280
414
282
272
258
358
278
258
316
264
284
40
272
252
380
332
266
250
260
268
