38
40
38
40
38
38
38
40
38
40
40
38
36
38
40
40
72
270
276
272
64
276
276
1026
72
270
278
272
64
270
278
272
72
274
280
272
278
274
1070
272
74
274
278
272
64
270
278
250
68
274
280
270
278
272
280
274
72
274
36
274
62
274
280
74
70
272
280
274
64
42
276
272
280
274
282
898
282
276
276
274
38
274
278
272
68
272
280
278
70
274
278
38
68
272
280
274
74
268
278
270
64
270
282
276
72
270
276
274
66
272
280
274
70
270
278
272
64
272
276
270
72
270
280
274
64
272
278
270
70
274
280
274
64
272
280
274
280
272
282
272
62
270
276
274
70
272
278
270
280
270
282
276
280
272
278
274
276
272
40
272
278
270
282
278
280
274
280
272
280
40
276
272
64
278
256
272
72
272
268
274
40
274
258
272
70
274
278
272
64
272
280
274
70
270
278
276
68
272
280
272
72
270
278
274
64
272
280
272
72
270
276
276
66
274
284
272
74
268
280
272
64
274
278
272
72
276
276
278
66
274
274
272
70
268
282
272
280
272
276
274
278
268
280
272
278
270
278
42
280
272
276
272
64
276
280
272
