38
42
40
42
42
42
38
42
42
40
40
40
40
40
40
40
42
40
40
40
40
40
40
42
38
42
42
40
38
42
38
42
40
42
40
42
40
42
40
38
40
42
38
40
40
40
40
42
40
40
38
42
40
42
40
40
40
42
40
40
40
40
40
40
44
258
280
48
46
38
40
40
272
48
48
48
256
46
46
284
38
40
42
264
46
46
46
48
44
72
68
40
42
42
280
48
42
204
46
74
46
278
46
42
40
272
44
48
44
48
44
76
72
46
40
42
276
48
46
46
46
48
46
46
46
40
40
40
44
46
262
50
44
270
270
46
40
40
40
276
280
46
278
46
44
48
46
42
40
40
274
48
46
48
274
48
46
282
40
40
40
286
42
46
46
48
46
48
48
42
40
42
278
46
280
48
260
48
48
286
40
42
42
270
46
46
48
46
44
46
46
48
38
40
40
42
40
276
274
48
46
268
1228
40
40
40
40
40
280
48
44
46
46
46
38
42
40
42
40
48
76
46
46
46
44
44
40
40
38
40
40
48
46
48
46
74
40
40
42
42
38
42
282
48
46
46
46
42
40
44
40
40
40
50
44
48
