38
38
40
42
34
42
38
38
40
38
38
40
38
38
40
40
68
272
276
270
68
272
280
276
72
270
280
274
68
276
280
270
70
272
282
274
280
276
276
272
72
274
280
272
66
272
278
274
72
270
276
276
278
272
274
272
70
268
36
270
66
278
280
68
72
272
276
276
66
40
278
276
280
270
276
274
278
1264
282
272
38
894
278
276
64
272
278
274
72
274
280
42
64
272
278
272
72
270
280
270
64
274
278
272
72
274
278
270
66
270
284
270
72
278
282
274
66
270
258
274
70
272
278
272
64
276
282
270
68
276
278
274
68
268
280
274
278
272
280
270
64
272
280
274
74
272
276
276
278
274
276
276
276
272
280
270
278
272
40
278
282
276
280
274
276
274
282
274
278
42
276
272
64
276
254
270
72
272
256
274
38
268
258
270
70
270
280
274
64
274
274
270
70
274
278
274
70
274
280
274
70
270
280
278
64
272
274
1044
72
274
278
276
66
272
280
276
72
270
282
274
64
272
280
272
72
274
280
272
64
274
284
274
74
270
278
272
282
274
284
272
280
270
278
272
278
274
280
38
282
274
284
274
66
266
276
274
