40
36
36
40
40
40
40
42
38
38
38
42
40
34
38
40
72
272
278
274
66
274
276
272
72
252
278
272
64
270
278
274
70
274
278
276
256
278
280
272
74
272
282
1060
68
272
276
272
66
270
280
276
284
274
278
270
72
272
38
276
66
270
282
72
72
274
280
272
64
38
282
270
276
276
280
276
280
278
282
272
38
270
276
270
66
270
276
274
68
274
280
42
68
270
278
274
72
272
276
270
66
272
274
272
72
274
280
272
66
270
284
274
70
272
280
272
64
270
276
272
74
272
276
272
68
252
274
274
72
274
280
274
64
276
280
270
960
274
278
274
64
272
280
274
68
272
278
274
282
272
278
276
278
270
278
276
280
274
40
252
278
268
278
272
278
270
280
274
280
40
278
272
68
1064
256
274
74
272
256
276
40
274
258
270
74
268
280
272
64
274
276
274
70
270
278
272
66
274
282
274
72
270
282
274
68
274
278
270
70
272
258
272
66
272
276
270
72
270
282
276
62
272
274
274
72
272
280
276
66
270
282
276
72
274
280
274
276
274
276
274
280
270
280
274
282
272
280
42
254
270
276
276
68
274
278
274
