40
40
38
40
42
40
42
42
40
40
38
40
42
40
38
42
72
276
280
276
64
276
282
276
74
280
280
274
68
274
284
270
74
276
280
272
282
276
278
272
72
276
278
274
64
272
278
274
72
272
280
274
286
278
282
272
74
276
38
274
66
274
280
72
74
270
280
276
68
42
280
270
282
274
282
276
280
274
284
274
40
272
280
272
66
274
282
276
70
272
284
40
66
272
280
274
72
274
280
276
66
272
280
274
72
272
278
278
66
276
280
272
74
274
278
276
66
276
282
276
74
272
282
272
66
276
282
274
72
272
278
274
64
272
280
272
282
1048
282
274
64
274
278
270
72
274
282
276
286
274
280
272
278
270
280
274
280
274
40
252
280
276
282
272
280
272
278
272
282
40
280
278
68
270
1274
274
72
274
262
272
40
274
258
274
72
270
278
276
66
272
278
276
72
276
278
276
68
274
278
268
70
276
284
272
66
282
284
270
72
272
280
272
66
272
280
274
72
272
280
272
64
276
1208
274
74
274
280
274
66
276
280
272
72
272
282
272
280
276
280
270
282
278
280
278
282
278
278
40
280
278
278
270
68
274
282
274
