40
40
40
38
40
38
40
42
40
38
40
38
40
36
40
38
280
266
276
276
278
270
280
274
278
274
284
274
280
272
278
270
284
272
278
272
1188
270
282
274
280
272
280
278
278
276
282
270
278
274
278
276
276
272
280
270
276
274
36
272
280
268
278
274
282
270
278
272
280
42
276
270
282
268
276
274
280
272
280
268
36
270
276
274
280
276
274
272
282
272
278
42
278
274
280
272
278
274
276
274
284
272
278
276
280
272
1288
274
284
272
280
274
280
272
278
274
282
270
282
272
282
272
278
274
274
270
280
274
278
276
278
272
280
268
280
274
46
274
278
274
278
272
278
270
278
274
280
272
276
268
278
272
278
274
280
272
280
1026
36
272
280
274
278
270
282
270
280
272
278
40
280
272
278
272
278
270
1186
272
278
278
38
268
278
274
276
272
280
270
276
278
276
272
280
274
284
276
276
274
274
274
282
276
276
274
284
274
278
276
280
272
280
272
282
274
278
274
284
270
282
272
280
276
278
274
278
274
280
272
276
272
280
274
278
270
278
270
280
272
278
272
276
270
282
272
274
270
278
40
278
274
278
272
280
276
278
276
