42
40
40
42
42
40
40
40
40
40
40
42
40
40
38
40
72
276
282
254
66
272
280
274
72
280
276
270
64
274
280
278
74
276
280
276
258
274
280
274
76
272
282
272
64
288
258
270
74
276
280
274
282
276
280
274
72
336
40
270
66
274
282
72
74
280
276
268
66
44
310
276
276
272
258
252
278
278
276
254
40
256
282
270
70
270
268
272
70
272
282
40
68
274
282
274
74
254
282
274
68
270
282
270
76
276
276
274
64
272
278
272
72
276
280
274
68
274
276
272
74
280
280
270
66
276
282
274
74
272
282
274
66
276
256
260
258
272
278
270
68
274
280
274
72
276
308
250
260
272
284
278
280
272
278
274
282
266
38
256
278
276
282
270
262
280
280
270
282
42
734
274
68
276
262
282
74
274
264
274
40
274
258
274
74
274
280
272
70
272
278
272
72
276
276
272
66
274
278
274
74
276
280
272
66
270
282
270
72
272
280
274
66
248
278
274
70
274
1134
276
70
276
282
264
70
252
280
274
68
274
282
276
74
278
284
306
282
272
282
272
276
276
256
274
280
276
284
40
588
276
282
274
64
298
282
1020
