38
40
38
42
40
42
36
42
42
40
38
44
38
40
38
42
70
274
278
274
64
276
286
276
72
254
282
272
68
272
280
274
72
276
260
274
280
272
260
268
72
252
282
276
66
272
276
270
74
272
282
272
280
274
280
268
72
274
38
278
68
272
278
70
74
270
280
274
64
42
282
276
278
274
280
274
278
272
280
272
38
278
278
274
64
276
278
270
68
274
282
42
66
274
280
274
72
274
282
274
66
260
280
274
74
256
284
274
66
270
278
248
74
272
284
274
66
272
278
272
74
270
278
1088
66
278
280
1022
70
276
308
252
66
278
282
270
282
276
282
270
66
276
278
272
72
270
282
276
278
274
282
280
280
274
280
278
284
272
36
248
284
278
280
274
258
272
282
278
282
42
278
276
66
276
256
276
72
274
258
274
38
276
258
274
70
280
282
270
66
274
274
272
74
274
278
274
68
270
280
272
72
270
284
270
68
272
280
274
72
270
278
278
66
274
280
272
72
276
282
270
64
278
280
270
72
278
282
274
66
272
282
270
72
272
282
274
294
272
280
274
262
272
282
276
282
278
280
42
258
272
282
274
64
1084
282
276
