38
40
42
282
42
262
42
258
42
38
280
40
280
316
768
276
294
272
284
272
284
272
282
270
282
276
260
276
282
272
284
274
284
272
278
274
274
260
280
276
282
274
284
272
280
574
276
364
282
280
288
274
286
276
284
272
282
268
308
290
256
274
286
274
282
272
284
272
278
268
270
254
290
278
288
274
282
272
282
274
268
252
292
272
284
274
284
270
282
274
278
284
290
250
286
270
284
274
278
274
278
270
278
274
292
278
282
276
284
270
282
274
278
272
292
254
284
274
282
272
278
268
284
272
282
260
262
278
290
274
286
276
278
276
282
274
266
252
260
276
282
274
282
272
282
272
276
266
260
278
282
1108
284
268
282
272
1228
274
1388
254
270
270
282
276
282
274
280
276
280
278
262
254
49280
274
262
274
278
272
282
272
268
256
264
278
294
276
282
276
286
270
278
272
268
280
262
274
282
272
282
276
280
276
280
268
286
256
286
276
286
272
282
272
278
272
270
256
294
276
280
276
284
268
284
272
276
298
286
258
284
272
286
270
278
276
282
274
270
266
280
274
288
278
284
270
284
268
282
284
272
256
280
272
282
274
282
272
