38
42
38
40
40
40
38
40
38
40
38
42
38
38
42
42
74
272
280
1052
64
276
280
272
74
250
280
274
66
274
276
270
72
274
278
278
204
276
276
272
72
272
280
280
64
276
280
250
72
272
282
376
280
280
278
274
74
272
38
270
68
276
280
68
72
272
278
278
66
42
278
272
286
274
282
276
282
274
278
270
40
274
282
272
64
280
282
278
70
276
278
42
66
272
276
272
72
274
280
276
68
276
278
270
72
274
282
276
68
274
282
270
74
272
278
278
64
274
280
272
74
270
280
276
66
48
280
272
72
272
284
274
70
272
278
274
280
276
284
272
68
274
280
270
74
268
278
252
280
276
278
272
280
276
280
276
282
274
40
252
280
272
280
276
278
272
282
274
282
42
278
274
64
274
258
274
70
276
258
276
38
272
258
270
72
276
280
276
66
276
282
268
74
272
286
276
70
272
280
270
70
270
278
278
68
276
280
274
74
276
280
274
64
276
278
270
72
274
260
278
64
272
280
270
74
274
280
278
64
276
282
272
74
270
966
278
282
272
1026
272
282
272
278
274
278
268
280
40
260
274
282
270
64
272
280
274
