38
42
42
44
42
44
42
40
40
40
40
40
40
38
42
42
70
278
278
272
68
272
280
270
72
274
280
272
68
274
278
274
74
274
280
272
282
276
282
276
74
272
282
276
70
276
278
276
76
278
258
582
278
270
278
276
72
276
40
278
68
274
286
70
74
274
282
270
66
44
280
276
280
276
280
272
280
276
282
272
42
276
280
274
66
274
278
268
72
276
280
42
66
276
278
276
74
272
280
268
68
274
282
278
72
278
284
276
64
274
280
276
72
272
280
274
70
270
282
274
70
274
280
274
70
276
282
274
74
274
280
270
68
272
280
270
280
278
284
1096
64
1018
278
276
72
272
278
278
286
276
282
276
278
274
282
274
284
276
40
276
278
278
284
274
278
274
282
274
280
46
282
274
68
276
254
268
74
272
660
276
42
278
262
280
72
278
280
274
66
274
280
274
76
278
282
272
68
274
278
278
72
272
280
274
72
276
284
274
72
276
282
274
66
272
280
274
74
278
278
274
66
274
278
272
70
278
282
276
64
42766
278
278
72
274
280
276
282
278
280
278
284
276
280
272
282
272
282
44
282
276
282
274
68
272
280
272
