40
42
36
42
40
42
42
40
44
40
40
38
40
40
36
38
76
264
264
248
70
272
286
272
72
244
280
268
66
272
282
246
76
272
282
274
282
272
260
252
72
268
256
270
70
276
282
272
70
274
278
268
284
262
314
270
74
272
36
276
68
270
280
66
72
270
282
276
70
40
278
250
276
270
262
254
284
272
282
268
36
274
282
276
66
258
262
252
72
274
282
40
64
264
280
252
70
248
276
276
68
274
280
278
74
252
288
254
68
276
284
268
76
272
278
274
70
276
312
272
72
270
282
274
70
248
282
272
72
320
280
252
68
270
282
266
280
270
258
252
72
274
284
270
76
270
276
274
278
248
262
274
278
270
254
274
282
276
40
248
260
270
266
250
284
272
282
1060
282
40
280
1092
70
274
322
250
76
276
268
274
34
274
260
272
72
336
284
276
70
272
282
272
72
252
284
260
66
254
264
272
76
270
42224
268
68
248
258
308
76
268
284
274
68
274
276
276
74
274
278
1084
68
272
284
268
72
250
282
248
70
272
276
272
72
272
280
274
276
272
264
272
258
272
260
272
288
272
284
38
258
310
322
252
68
270
278
274
