40
42
42
42
42
40
44
40
40
42
36
40
44
44
40
42
76
266
282
1046
66
254
322
256
74
274
268
252
70
274
278
274
72
252
282
1140
284
252
264
252
78
254
280
276
372
274
282
272
74
272
262
252
280
276
260
258
78
274
42
272
70
252
312
72
74
258
260
254
70
40
262
258
260
252
280
278
256
250
262
276
42
276
280
270
70
274
282
274
70
274
284
40
68
268
268
1154
70
274
280
252
70
276
286
274
78
254
260
43278
66
276
274
290
76
274
280
250
70
250
284
274
72
250
270
272
70
274
284
250
76
258
262
274
68
252
284
274
282
270
296
250
68
274
280
252
72
272
282
274
262
250
268
250
282
272
280
312
260
278
42
248
326
252
258
278
278
270
280
274
282
40
286
252
70
262
258
274
72
250
274
270
42
274
264
300
76
278
278
276
64
260
262
276
78
320
262
252
72
250
280
254
74
276
282
276
66
246
394
276
72
272
452
272
72
270
282
272
74
302
264
274
64
266
48682
278
74
1170
284
454
70
254
280
252
74
272
286
254
262
274
266
308
284
274
282
260
284
252
282
40
266
252
268
272
64
272
282
252
