40
42
40
42
38
40
38
40
40
40
38
42
40
38
42
42
280
1062
280
274
280
272
278
274
280
276
278
272
278
274
280
276
282
274
280
274
280
274
280
274
280
274
282
280
282
274
280
272
280
276
284
272
284
280
280
278
278
274
38
272
282
272
276
272
282
274
280
270
280
42
282
272
286
272
280
272
276
274
280
276
42
272
282
276
284
274
276
270
280
272
278
42
282
274
282
270
280
274
282
272
282
272
284
272
282
272
282
274
280
274
280
274
278
270
280
274
280
272
280
272
278
272
280
276
278
250
278
272
280
278
280
272
282
274
282
272
278
270
284
274
282
280
284
278
284
274
284
274
278
274
278
274
286
272
282
276
284
276
40
270
284
276
280
278
284
274
282
270
280
40
284
276
282
270
282
274
1290
276
282
270
38
276
280
272
278
280
282
276
280
274
284
274
280
274
284
276
280
274
280
278
282
272
284
908
280
276
282
274
278
274
276
276
274
274
282
274
278
274
278
272
278
272
276
272
278
276
282
272
278
274
278
270
276
272
282
272
284
272
278
272
280
276
280
272
280
282
1212
40
280
274
278
276
280
274
282
276
