38
40
40
40
38
42
38
40
36
36
38
40
38
38
38
40
274
270
278
270
280
274
276
276
280
270
280
274
280
274
278
272
278
936
278
272
278
274
276
274
282
270
278
272
280
276
278
268
280
272
280
274
280
272
278
278
282
274
40
274
278
274
278
272
280
272
280
272
278
40
278
272
278
272
282
274
278
272
280
268
38
268
278
270
282
270
282
274
278
268
280
42
282
278
278
270
278
274
278
272
282
272
280
274
280
270
278
272
278
274
278
278
280
270
280
274
276
270
282
276
280
272
282
276
280
272
280
272
280
272
278
274
278
272
280
278
274
272
278
276
278
272
280
274
282
272
282
274
278
1034
280
272
280
270
280
276
280
272
42
272
278
274
282
272
278
274
276
272
280
40
280
272
280
274
280
274
278
270
280
270
38
276
282
274
280
274
280
274
278
272
280
272
278
272
278
276
282
272
278
270
278
272
278
274
282
272
276
276
278
274
278
272
282
274
278
276
278
272
278
924
278
272
284
274
276
252
278
272
284
272
278
274
278
274
278
276
282
274
278
274
280
270
278
274
282
270
276
38
278
270
278
272
280
272
282
274
