40
42
42
42
42
44
42
42
42
46
40
42
42
42
38
42
266
254
264
274
284
276
284
278
282
260
258
272
282
328
284
250
256
274
260
262
292
1140
284
274
254
254
278
282
340
262
278
324
284
318
266
276
278
272
260
272
284
252
42
308
258
274
280
254
280
276
280
252
282
44
282
364
258
252
284
260
258
280
258
274
42
276
282
276
272
278
260
272
634
274
284
42
356
252
280
272
266
274
260
252
258
276
284
326
258
270
284
850
260
278
280
274
280
254
294
254
260
258
258
278
256
256
276
276
280
258
260
276
282
254
280
262
280
274
270
276
266
252
410
278
256
306
280
252
292
274
280
258
272
254
258
250
264
272
284
274
258
278
42
248
264
264
286
276
268
258
264
254
256
42
256
252
284
294
258
310
280
252
282
250
40
266
260
306
258
254
258
284
278
266
284
280
264
286
284
280
258
254
260
274
278
276
260
252
264
252
304
254
280
276
256
278
276
274
260
270
282
256
282
274
258
280
280
274
256
258
284
250
280
298
288
254
260
356
260
252
262
288
272
256
258
252
284
252
254
324
398
44
264
318
282
254
256
300
260
452
