38
42
40
42
40
42
40
40
42
42
38
42
40
38
40
40
72
272
278
270
66
272
282
272
72
278
280
272
68
272
282
276
72
278
278
280
280
276
282
272
74
274
276
276
68
280
282
248
74
276
276
274
280
272
282
272
72
270
42
274
68
272
284
68
76
274
278
274
68
40
280
274
282
274
282
274
282
274
284
274
38
278
280
274
72
278
276
278
78
272
280
40
62
276
282
270
74
1286
280
276
66
276
280
272
74
276
278
276
66
274
282
274
72
270
280
272
66
272
282
276
72
272
280
272
68
276
278
274
74
272
282
272
68
272
260
272
74
276
1054
276
68
278
282
272
72
274
280
278
282
272
282
272
278
274
280
274
280
276
38
250
282
278
282
276
284
272
278
270
278
42
278
276
68
274
256
274
72
272
264
280
38
278
260
276
70
276
278
270
66
274
282
268
74
276
278
274
68
270
282
274
74
274
282
270
68
272
282
272
74
272
278
274
68
276
282
276
72
276
280
274
66
270
280
1064
78
268
280
274
68
272
280
270
72
274
284
276
280
276
278
274
276
274
278
274
286
280
282
40
262
272
282
272
64
274
278
274
