38
42
40
258
38
38
40
40
278
272
40
272
280
244
280
270
286
284
286
278
276
276
278
274
280
280
282
270
440
274
284
274
284
272
280
272
288
274
276
288
286
274
280
274
282
272
254
282
288
276
284
276
282
274
280
274
284
272
290
274
282
276
282
272
280
270
282
274
284
286
282
276
292
276
286
272
280
274
282
274
290
274
280
276
282
272
276
278
278
278
278
284
280
276
282
272
280
276
284
1020
280
272
306
280
288
276
256
1216
280
274
278
276
282
274
290
1276
280
254
280
276
278
274
280
272
282
286
278
270
290
276
284
272
282
272
282
274
288
278
280
274
282
280
278
278
278
274
280
256
282
274
278
274
280
276
282
274
282
272
288
274
292
274
280
274
282
272
284
274
276
274
256
276
262
274
276
274
276
274
282
276
288
274
282
272
290
272
282
274
284
276
278
256
288
274
280
338
282
272
282
272
280
276
282
282
282
276
266
270
276
274
282
276
284
274
290
272
288
276
278
276
280
274
280
274
282
262
278
272
280
274
282
274
282
272
278
276
290
270
282
268
278
276
278
280
274
274
282
284
278
276
278
278
278
272
282
272
