44
44
44
256
40
44
40
44
44
268
254
262
254
260
252
270
282
312
320
280
1048
250
286
274
282
264
264
278
432
266
282
920
262
278
1142
250
298
252
282
266
268
274
274
278
296
278
280
264
294
256
284
254
286
302
262
274
282
274
274
254
258
316
304
280
264
278
264
278
286
278
262
318
270
324
286
318
260
276
282
276
296
252
282
256
278
252
264
294
268
254
288
272
262
258
262
274
268
262
284
274
284
274
282
264
274
332
346
254
262
284
276
252
284
274
408
254
284
972
258
280
326
262
284
278
292
1004
268
280
278
268
282
276
262
256
284
278
266
276
280
260
268
276
280
290
282
256
358
266
258
258
342
258
284
258
340
252
260
252
292
256
270
386
284
276
374
256
322
280
262
266
260
254
286
276
278
276
272
256
258
250
272
306
292
258
294
276
326
280
282
256
284
278
346
266
284
258
260
272
428
276
332
258
282
288
262
280
280
254
284
260
260
256
284
256
286
254
270
314
284
280
258
278
266
276
264
304
298
278
296
276
280
258
282
278
284
254
278
260
302
280
258
272
326
256
320
264
284
272
302
256
258
280
258
494
260
280
