38
40
40
272
42
38
38
40
40
270
284
272
280
248
280
270
290
272
278
272
280
272
278
272
282
280
280
274
284
270
278
274
282
270
278
274
290
274
278
272
282
274
278
270
282
278
280
278
292
268
282
268
282
270
280
270
278
268
264
274
280
272
282
272
284
270
278
276
282
280
282
270
286
276
278
272
282
270
282
268
290
272
282
266
286
276
278
276
284
268
276
278
284
274
284
276
278
270
280
274
282
1282
282
278
288
272
282
272
282
1282
276
276
278
274
286
270
282
274
278
276
282
270
280
270
278
278
284
270
286
272
280
272
280
270
282
270
286
276
278
276
280
274
278
272
278
272
280
278
284
270
282
274
278
274
280
272
280
272
288
270
292
270
282
270
276
272
280
274
280
256
280
272
280
272
276
274
282
274
282
264
284
272
282
272
292
270
280
272
284
272
280
274
286
272
282
274
280
270
286
272
286
272
282
276
282
272
1288
274
286
272
278
272
284
270
942
276
286
272
280
270
282
272
280
270
280
276
282
272
284
270
280
270
282
270
280
268
288
276
278
276
282
272
282
270
276
276
282
276
278
272
278
274
284
270
284
274
