40
40
42
270
40
40
40
42
38
274
40
272
286
252
284
276
286
272
280
272
284
274
280
272
280
284
280
268
278
274
276
276
278
274
282
276
288
276
276
274
276
276
282
272
278
270
278
278
286
270
286
272
282
270
278
272
278
276
286
268
276
272
282
272
280
272
274
268
282
282
278
276
288
274
278
268
280
274
278
270
286
272
280
272
278
270
280
268
282
272
278
284
1064
272
282
274
278
272
280
266
280
276
280
282
290
272
280
270
280
274
280
276
282
274
288
276
278
272
276
272
284
268
280
274
278
280
282
270
288
274
280
274
280
270
278
270
288
272
278
278
276
276
274
274
278
272
278
280
280
274
276
276
280
272
1046
272
280
270
286
274
286
270
278
274
280
272
276
272
278
282
278
274
280
272
280
274
274
274
280
274
290
272
278
274
284
272
282
274
282
274
280
274
290
274
278
274
280
272
282
274
280
270
282
282
282
270
280
270
280
272
278
278
280
268
282
272
284
274
280
276
280
278
280
272
904
280
278
270
280
270
284
270
282
266
280
278
284
272
282
270
280
272
278
272
278
274
280
278
280
274
280
1178
278
272
278
274
