42
40
42
256
40
304
40
40
42
340
44
280
276
258
312
268
272
256
262
254
260
280
260
252
322
260
280
250
258
256
302
252
264
262
264
256
272
248
260
252
284
254
260
250
272
274
290
264
294
274
264
274
266
274
282
262
272
320
280
258
270
256
386
252
274
262
278
252
1224
270
262
248
280
274
284
308
1266
246
260
254
310
252
260
252
930
248
260
272
320
260
472
314
308
250
258
270
288
252
282
276
278
260
326
258
290
256
270
292
264
248
262
290
262
272
274
274
280
278
268
250
266
270
262
254
264
258
262
250
274
258
260
252
260
260
368
260
284
252
266
264
262
412
320
252
260
262
268
262
270
246
262
260
268
308
284
276
274
254
276
250
270
366
262
250
280
258
266
258
260
266
260
250
260
254
262
268
260
252
260
252
328
1234
320
270
392
270
280
250
284
260
282
266
292
270
260
306
282
254
268
462
258
266
268
260
262
252
262
272
262
252
264
254
288
258
278
252
294
258
288
254
362
412
356
288
268
258
260
282
288
274
286
250
290
312
260
946
270
250
284
284
286
276
268
804
284
276
286
320
264
332
342
280
260
248
262
288
