38
42
40
276
36
40
38
42
38
254
40
252
280
254
318
250
292
260
280
290
288
348
280
250
278
278
258
284
256
278
260
274
270
276
262
274
286
252
282
306
280
278
256
256
278
258
278
282
288
250
256
276
280
252
260
248
318
276
276
252
278
274
280
252
256
274
282
274
262
282
280
274
274
278
258
272
290
254
260
272
270
256
278
254
280
252
258
256
280
282
280
262
280
260
272
276
258
250
258
274
284
256
280
278
302
262
280
274
280
276
304
250
268
266
270
250
292
282
278
270
282
260
280
312
258
42782
278
248
306
1224
258
258
258
276
296
274
268
246
280
270
280
280
288
248
254
272
262
280
260
250
258
268
256
252
260
254
260
272
272
274
286
274
280
276
256
280
258
272
258
260
262
274
298
282
262
248
290
280
316
250
284
254
280
276
284
276
284
274
280
260
278
272
260
254
280
276
260
254
282
1078
266
286
268
254
260
274
260
284
278
272
280
274
262
272
270
276
294
272
282
278
286
272
280
392
286
262
976
264
260
278
260
252
256
280
256
252
308
312
276
250
260
248
258
274
278
252
258
260
258
270
276
250
260
276
260
258
