40
40
40
278
38
38
442
38
282
270
280
40
284
276
1084
270
290
268
280
274
280
272
280
272
282
282
280
272
282
272
280
274
282
270
280
274
288
270
284
268
282
272
280
274
280
268
282
280
290
270
284
272
280
270
286
272
278
274
290
272
280
272
276
268
1060
270
284
274
284
256
284
270
1230
266
282
272
280
272
280
270
286
270
280
270
282
272
280
270
278
272
284
282
284
272
278
270
284
272
278
270
276
274
276
280
286
274
282
272
280
274
280
270
282
270
288
272
284
272
282
270
286
274
278
272
282
276
280
268
286
276
278
270
284
276
282
276
290
276
284
272
280
272
280
270
286
270
282
282
278
272
282
272
282
270
282
276
282
272
972
274
290
276
278
270
280
270
280
272
280
276
276
272
284
270
282
274
282
272
282
274
290
270
276
270
288
272
282
272
278
268
280
272
290
268
282
268
282
272
280
270
278
270
282
280
282
276
278
272
280
276
280
272
280
270
286
272
286
272
282
270
284
276
278
1064
284
256
284
274
282
274
282
268
282
276
280
272
288
274
278
278
280
272
278
270
282
272
280
278
278
272
284
268
282
274
280
272
