42
38
40
268
40
38
40
38
282
272
278
268
280
250
280
272
288
270
278
270
278
272
282
270
282
280
282
270
276
270
280
272
282
272
278
270
288
274
276
268
278
270
278
272
280
270
280
280
292
266
286
270
282
268
278
270
280
270
288
272
284
272
278
272
280
1280
282
274
276
280
278
272
286
1168
282
270
278
270
280
268
286
274
278
272
284
274
282
270
282
270
282
260
282
272
282
270
282
272
280
272
276
272
278
276
286
274
276
270
280
272
278
270
278
270
288
272
280
270
284
274
282
270
286
272
278
282
280
268
288
270
278
268
278
272
280
270
286
270
280
272
282
272
282
272
278
274
280
276
280
268
278
270
280
272
280
268
284
272
290
270
286
270
278
272
280
272
284
268
280
280
838
270
282
270
280
270
282
274
282
272
284
270
284
268
290
274
280
272
280
272
278
272
292
272
282
268
282
272
280
272
282
270
274
278
280
270
282
270
280
270
280
276
280
274
288
272
288
274
278
270
280
270
278
272
1162
282
278
272
280
268
280
272
286
266
282
270
288
270
280
268
274
272
280
268
280
270
282
282
278
270
278
266
284
270
276
274
