38
40
38
276
40
40
40
40
38
272
282
274
282
248
280
274
286
272
280
280
278
276
278
274
282
282
280
282
274
270
280
272
278
272
280
278
288
274
280
272
280
270
282
272
282
274
282
282
286
274
284
278
278
272
274
272
282
274
286
274
284
968
280
272
278
272
284
272
278
1124
282
272
288
278
282
276
280
274
280
270
286
274
280
274
284
276
282
272
278
274
280
280
282
272
278
274
284
272
284
274
280
274
278
282
288
270
280
274
280
272
282
274
282
272
284
278
278
274
284
278
282
274
280
274
280
282
282
272
286
274
280
274
286
272
278
276
284
276
282
274
280
274
284
276
278
272
282
282
278
274
278
274
278
272
280
274
280
272
290
272
288
274
280
270
276
272
282
272
280
286
280
274
280
274
280
274
278
276
280
274
288
274
280
272
282
272
280
278
280
280
280
274
292
274
280
276
276
270
282
272
282
272
280
282
278
272
282
276
278
276
278
276
1058
272
284
278
282
280
280
276
1096
276
276
272
278
282
282
272
278
274
282
272
284
272
280
274
290
276
284
270
280
274
282
278
280
268
280
282
278
278
282
272
278
274
280
274
