40
42
42
254
42
346
42
40
42
256
42
260
44
280
252
352
292
252
320
254
284
278
282
276
286
320
262
276
262
274
288
274
286
276
284
274
268
272
264
420
284
252
284
276
282
276
284
284
292
248
290
276
284
274
280
274
286
272
1006
274
260
274
286
272
284
274
288
272
284
282
284
268
314
252
286
264
282
276
284
274
294
274
282
252
262
274
288
272
286
272
284
258
260
256
304
254
294
274
280
272
282
274
288
284
416
278
282
250
284
272
284
272
284
276
266
252
288
256
286
250
284
274
286
274
284
284
268
256
272
274
258
272
284
274
282
268
290
250
288
358
284
272
286
276
288
272
284
286
284
410
282
274
282
274
280
274
284
274
290
274
276
250
286
276
288
270
282
272
282
284
284
248
298
252
286
274
264
274
258
274
270
254
280
250
272
248
290
274
284
276
284
274
276
452
262
272
286
256
282
276
284
270
288
284
268
276
284
270
258
272
286
274
1096
272
290
274
282
262
286
252
1170
280
282
274
284
284
280
254
1302
274
266
274
280
276
284
272
292
258
306
276
286
274
284
274
286
272
282
282
296
250
284
274
262
272
280
274
