40
42
40
274
42
38
40
42
38
280
270
284
272
256
270
282
286
274
280
276
280
276
280
274
280
284
276
278
280
272
278
278
280
274
280
274
288
274
284
272
280
280
282
276
278
274
276
282
284
274
282
270
282
276
280
274
278
270
288
274
278
276
278
272
280
274
284
272
278
282
278
274
290
278
282
272
282
272
280
274
290
274
280
274
282
278
276
278
276
274
278
286
282
272
282
274
278
272
278
270
280
272
278
282
288
274
282
276
278
274
282
274
282
272
286
276
278
276
282
268
278
276
1064
278
286
282
280
274
286
274
994
274
284
272
284
278
290
272
282
272
282
280
280
272
278
274
284
280
280
272
280
272
282
276
276
270
284
272
288
272
282
272
280
274
282
272
284
274
278
282
284
274
282
276
282
272
280
274
276
274
288
274
282
272
286
272
280
272
280
268
280
272
292
272
282
270
276
272
280
272
282
276
278
280
282
274
282
272
278
272
278
274
278
272
286
274
288
280
282
272
280
276
280
274
284
260
282
1078
284
276
278
270
282
268
282
278
288
274
280
274
280
276
282
274
278
276
282
288
282
274
278
276
280
276
278
276
