40
42
40
294
42
42
42
278
48
44
286
274
280
342
362
286
272
278
282
276
260
282
282
248
266
304
264
256
262
282
294
264
280
280
284
258
292
254
258
276
282
256
262
274
264
262
320
262
270
256
260
278
264
254
282
278
280
252
284
286
446
280
286
264
262
276
258
274
328
270
264
410
276
276
282
258
280
314
1202
260
954
256
258
764
284
280
284
276
280
280
284
274
266
258
262
272
278
282
268
256
286
278
282
260
272
256
286
282
258
270
262
282
272
354
270
256
274
278
284
250
280
278
290
276
264
274
274
254
270
276
260
264
284
282
260
258
276
260
260
282
282
262
258
274
282
252
258
326
278
254
254
278
258
258
282
278
290
258
268
276
310
288
282
278
280
258
274
276
260
262
274
280
306
272
284
282
264
256
282
282
270
252
260
252
272
276
260
256
260
260
260
302
292
264
260
256
280
256
270
274
260
268
398
266
284
256
280
278
260
260
264
310
292
270
268
250
268
254
282
278
320
258
284
260
324
280
266
256
282
280
258
260
284
280
262
254
282
428
274
260
282
276
262
282
260
252
334
718
260
258
364
276
284
1244
302
310
