44
42
44
266
42
288
42
40
44
272
42
260
254
318
264
272
272
256
316
268
274
276
1160
268
276
272
348
286
264
258
274
266
286
294
268
312
308
252
272
324
274
308
292
310
294
260
470
284
314
252
260
254
308
254
280
256
326
254
438
264
294
276
262
258
402
252
264
326
274
274
298
270
364
258
282
296
282
248
262
250
274
256
268
248
268
254
264
326
276
248
326
268
266
260
290
250
262
276
272
252
354
388
268
264
272
874
274
256
308
274
260
1156
268
254
274
254
448
250
266
262
390
254
308
310
280
286
268
252
472
252
270
284
284
298
270
274
272
254
300
256
272
256
268
254
282
378
260
284
326
374
266
254
264
256
262
278
440
252
286
250
270
258
368
252
286
254
266
258
262
264
282
266
260
292
268
264
264
330
340
252
276
252
262
276
272
254
346
278
270
396
366
254
302
268
1166
256
290
262
266
252
262
276
284
406
262
346
288
378
1274
254
276
254
274
348
270
254
276
324
264
280
288
256
280
254
282
290
266
270
288
320
292
280
324
250
270
316
274
254
296
290
262
250
260
310
262
254
260
264
264
324
264
354
264
254
322
264
