40
44
40
258
40
42
40
40
40
46
252
258
416
258
250
260
262
272
268
278
284
272
278
294
280
278
284
276
276
272
282
272
282
274
280
276
292
278
260
272
278
272
282
270
282
270
278
284
286
496
282
276
278
274
280
278
278
272
288
274
256
276
284
272
280
276
286
364
282
280
280
274
288
274
284
278
280
274
278
276
288
276
282
274
262
254
280
272
278
274
266
282
284
272
924
274
300
272
278
272
282
434
282
284
268
278
280
276
284
276
278
274
266
278
286
274
276
276
258
276
280
276
276
278
286
280
282
350
286
274
284
278
284
272
280
272
290
272
268
276
280
272
280
274
280
272
278
286
280
274
278
274
278
278
280
274
986
272
288
270
288
280
282
274
278
270
284
276
282
280
254
272
288
272
254
270
282
248
258
372
264
254
258
272
286
270
280
272
280
274
346
274
286
252
280
276
372
274
280
270
286
270
282
284
276
276
280
254
278
272
276
278
284
274
288
274
270
274
284
288
284
272
278
274
286
278
280
260
278
276
280
278
282
270
284
276
288
274
284
270
276
274
284
276
278
272
280
286
282
274
276
250
280
1282
278
274
