40
42
42
256
44
258
40
42
40
278
272
280
274
282
276
392
288
270
284
274
284
272
284
272
280
280
282
274
280
274
282
274
278
274
284
272
292
272
280
274
282
274
282
272
286
274
282
286
292
272
284
272
282
276
286
272
280
1272
288
274
280
274
278
272
278
1220
280
272
280
278
284
274
288
1080
278
270
284
272
280
270
290
1136
284
270
282
272
278
274
282
274
282
278
282
272
278
276
280
272
284
274
284
274
284
280
292
272
284
270
280
272
284
270
280
270
292
274
284
272
284
270
282
274
282
270
284
276
282
272
288
270
280
270
280
274
282
272
292
270
284
270
286
274
284
270
284
270
284
282
282
274
284
270
286
272
282
274
284
276
290
270
286
272
286
272
284
272
284
272
282
276
258
272
260
274
280
274
282
272
280
270
288
272
280
270
290
274
282
272
282
274
282
274
290
272
282
276
284
274
284
274
282
272
280
282
284
270
286
270
280
272
286
272
282
272
290
274
288
274
282
272
280
270
276
270
280
278
280
274
282
272
280
270
278
272
278
270
294
270
284
270
284
272
282
274
286
274
282
284
276
272
284
270
284
276
282
274
