40
42
40
284
42
44
42
44
42
278
42
274
284
278
282
274
288
274
280
276
280
274
280
278
280
284
284
280
284
274
282
278
280
278
278
274
290
278
280
274
280
272
284
274
278
274
280
282
288
274
284
276
284
278
280
272
282
276
292
278
284
272
278
270
278
274
280
276
284
258
278
276
290
276
282
276
284
280
280
270
268
278
284
280
286
272
278
272
278
276
282
286
278
278
280
276
280
276
284
274
282
278
280
284
290
276
284
276
286
278
280
278
282
276
290
276
282
274
276
276
282
274
282
278
284
286
280
278
286
276
284
276
284
278
282
270
878
278
282
276
280
276
280
274
278
278
284
284
282
276
282
276
280
278
284
276
282
274
268
276
294
274
284
276
282
276
282
276
284
280
280
274
282
274
282
276
282
278
284
276
294
274
282
276
290
276
284
274
284
278
278
276
290
278
282
278
280
278
282
270
280
1012
284
284
284
274
280
274
284
1192
284
274
284
276
286
276
288
1246
282
276
284
272
282
276
280
282
282
274
282
276
282
272
284
278
282
274
288
278
284
274
282
272
282
278
280
278
280
260
282
278
280
278
284
278
282
276
