40
40
38
282
40
40
40
42
38
274
278
278
40
268
284
272
288
276
278
276
280
274
280
276
278
280
278
270
280
280
282
274
280
274
282
274
290
274
276
278
286
276
278
276
280
276
282
278
286
276
280
276
280
270
282
270
280
272
292
280
284
270
278
276
284
276
280
278
278
282
284
274
284
276
278
274
276
274
276
272
288
274
278
270
278
270
280
272
280
1016
280
280
284
274
276
272
278
1022
280
274
278
274
276
280
288
274
278
272
278
272
280
274
278
272
288
274
280
270
278
270
282
272
280
274
282
284
280
270
292
276
282
276
280
276
280
278
286
270
274
278
282
274
280
272
278
274
282
280
280
274
284
276
282
276
280
274
282
272
284
274
288
274
278
278
278
280
278
270
278
280
282
274
278
272
282
272
280
272
280
274
290
272
276
272
290
272
284
276
280
274
280
274
286
272
1020
276
282
274
276
278
278
272
278
280
280
274
276
272
282
272
282
274
284
272
288
274
286
272
280
272
284
272
280
272
278
286
282
276
280
274
278
274
276
278
278
272
290
270
278
274
278
274
280
274
282
272
278
282
278
272
282
276
282
272
284
272
