42
46
42
264
40
42
42
42
44
344
42
254
406
256
270
276
270
252
268
390
268
412
284
256
276
1248
446
274
1206
254
258
256
284
286
278
258
288
256
266
310
266
250
276
252
288
258
272
276
276
422
288
276
302
278
296
258
290
256
288
252
260
278
264
272
262
260
282
286
308
270
484
258
294
254
262
346
302
422
260
260
336
264
262
256
258
254
266
312
264
276
266
260
264
260
258
290
258
262
262
270
260
322
262
260
288
278
264
254
280
1074
258
258
262
292
308
260
264
254
282
280
260
252
260
276
270
262
258
264
278
276
346
302
264
272
264
254
334
254
296
254
262
264
430
264
262
250
258
290
332
256
266
308
264
254
296
266
260
292
276
270
276
274
262
254
426
256
418
260
260
334
268
340
262
280
292
282
260
278
276
258
280
296
304
278
270
252
262
256
260
256
1054
260
868
256
268
504
276
272
260
280
278
320
282
272
268
252
272
358
284
250
258
254
272
270
318
284
346
260
282
268
284
258
260
260
322
266
282
256
262
254
258
262
314
274
298
290
278
312
302
438
264
356
292
282
436
288
322
282
270
254
262
254
262
316
264
260
