36
42
42
276
42
40
42
42
42
262
252
262
254
262
252
258
290
278
284
280
280
276
286
272
280
282
286
276
284
274
282
276
278
272
282
278
288
276
282
274
282
278
286
278
284
272
284
282
290
276
286
276
278
272
280
270
284
278
264
278
282
276
282
278
282
276
284
276
280
280
284
276
292
274
282
276
280
276
282
274
288
274
282
278
284
276
284
276
280
274
280
284
280
272
284
278
280
276
286
276
280
272
284
282
290
276
278
272
282
276
282
274
282
278
292
272
280
274
280
274
282
276
284
274
286
284
284
276
290
276
280
280
278
274
284
278
286
276
284
276
286
272
284
274
280
272
282
282
280
272
286
280
282
272
278
274
934
276
290
278
288
274
282
274
1224
274
282
278
280
286
284
274
1056
278
280
274
254
254
262
250
1218
254
260
276
290
274
284
276
280
274
284
270
286
272
278
278
282
278
284
276
284
274
282
284
280
274
280
276
280
274
280
276
282
276
290
274
288
276
280
274
280
270
282
276
282
262
282
278
282
276
280
276
280
272
284
276
288
272
282
276
282
274
284
280
284
276
280
260
282
276
286
278
278
272
280
274
