40
40
40
258
40
42
40
40
38
282
38
284
862
282
268
280
1204
268
282
272
282
274
278
272
276
278
276
274
276
276
278
270
280
272
280
270
288
272
276
272
280
276
278
272
280
274
278
284
288
278
280
276
278
272
278
274
282
272
284
272
280
272
280
274
280
272
280
274
280
282
278
272
290
270
278
272
280
272
278
274
288
274
274
274
276
274
1072
272
278
276
278
276
280
276
280
274
280
270
282
276
280
272
278
276
286
272
278
270
280
272
280
272
282
272
286
274
282
272
278
272
280
272
276
274
278
280
280
274
284
272
280
268
278
272
284
272
292
272
278
276
282
270
278
274
278
274
278
280
278
272
282
274
280
268
278
274
282
272
290
276
284
272
278
272
282
270
282
266
282
282
260
270
282
274
282
272
282
274
280
272
284
270
280
274
286
274
278
276
282
274
276
274
290
272
278
272
278
278
280
276
276
272
280
278
280
274
280
274
278
270
276
272
280
274
286
274
288
274
284
272
280
270
276
274
280
280
280
276
280
276
282
276
280
274
282
274
264
274
276
278
276
272
278
272
280
1080
280
284
282
272
280
272
280
274
282
276
