40
42
40
274
42
42
40
42
1210
42
282
1162
286
254
282
272
288
274
286
274
286
274
284
274
286
282
282
260
260
270
282
274
282
270
282
278
264
276
280
274
286
252
282
278
286
274
288
282
274
274
284
274
284
274
286
274
282
274
290
272
284
272
284
274
284
274
284
272
284
260
282
274
294
274
282
278
282
276
284
270
270
274
284
270
284
276
282
272
284
272
284
280
288
274
286
274
284
274
288
276
284
276
286
280
290
274
282
274
280
274
282
274
284
274
290
274
282
276
284
274
264
252
282
274
286
282
284
274
292
276
282
276
284
274
284
274
290
276
280
276
286
274
284
270
286
274
264
262
282
248
284
278
1114
276
284
1212
284
270
292
274
896
270
284
274
284
276
284
276
284
282
280
272
284
270
288
276
286
274
282
276
270
274
284
276
292
272
280
272
284
274
282
270
292
272
284
276
282
274
284
272
282
276
282
284
284
250
288
272
278
250
280
272
284
274
268
276
292
272
286
272
282
272
284
274
284
258
282
400
286
274
284
272
284
276
282
252
268
272
284
270
294
276
284
274
284
276
286
258
280
274
286
276
284
274
284
272
