38
38
34
1004
40
40
40
40
278
272
40
270
280
270
280
274
290
272
280
270
282
272
278
274
278
282
280
272
280
272
278
270
276
272
284
276
292
272
274
276
278
272
278
272
278
270
282
282
288
272
282
272
282
272
282
276
278
272
288
270
278
274
278
274
280
276
276
270
280
286
278
274
288
272
282
272
276
272
280
278
292
270
280
278
278
272
280
278
278
274
280
278
280
274
282
272
280
268
282
268
280
278
278
284
288
274
282
274
276
274
278
272
280
272
286
278
282
270
278
274
276
272
280
276
282
278
282
268
288
272
282
274
280
274
280
274
286
276
280
276
280
276
278
276
280
272
282
284
278
270
282
272
280
274
1264
272
278
274
288
274
288
270
1204
276
280
274
278
272
276
260
280
278
276
272
280
270
284
270
276
274
286
278
276
278
288
272
276
276
276
274
276
274
290
270
278
272
282
268
276
272
276
276
282
280
282
276
278
274
282
270
278
276
280
274
286
276
284
274
276
272
280
272
280
272
896
284
282
276
280
272
278
274
280
272
276
272
288
272
276
276
278
274
280
268
278
270
280
284
280
276
280
276
280
276
278
268
