42
42
40
256
42
40
38
256
284
40
280
274
278
244
280
274
286
270
280
276
282
274
284
270
280
284
280
274
282
272
282
274
280
274
284
272
286
274
280
272
284
272
282
272
282
276
282
280
288
270
284
280
282
280
282
272
282
272
290
274
280
276
282
270
282
276
282
274
284
262
282
274
288
274
278
268
278
274
284
274
288
276
284
274
282
276
278
270
278
276
282
286
280
274
280
276
280
276
282
276
282
276
282
280
290
272
280
270
280
274
280
274
278
276
290
276
280
272
278
272
282
270
284
272
280
280
278
276
288
276
284
274
278
276
280
270
288
272
280
276
278
276
280
272
278
274
278
278
278
272
282
274
282
274
282
272
282
274
294
276
284
276
282
272
280
276
278
278
280
280
260
276
280
274
258
272
278
274
1072
276
290
274
278
274
294
276
1264
280
282
274
282
272
286
272
1044
278
282
274
280
274
278
276
280
278
282
270
280
274
280
278
282
274
282
276
294
274
288
272
280
276
278
272
284
272
282
286
282
274
278
274
280
270
278
274
280
274
288
272
280
272
280
282
282
270
282
272
280
282
276
272
280
272
280
274
282
274
