40
42
42
256
42
260
44
40
40
282
40
280
42
282
280
276
288
274
282
270
1096
272
282
272
286
276
278
272
286
274
282
268
280
272
280
270
1122
276
282
276
282
272
284
272
286
270
280
280
292
272
284
274
282
274
284
274
278
270
290
274
284
274
280
270
284
274
284
272
282
278
280
272
288
270
280
274
280
274
284
274
270
272
280
272
284
268
282
270
282
272
284
278
278
274
282
272
282
274
278
272
286
276
284
282
290
274
282
272
282
272
280
274
284
272
292
272
282
1278
280
272
284
272
282
272
282
280
282
272
290
274
282
268
282
272
280
270
288
274
282
276
284
272
284
272
280
272
280
280
284
272
286
274
286
272
284
272
278
268
288
274
290
272
280
272
286
272
286
274
280
278
260
276
258
268
280
272
286
274
282
1064
286
270
286
270
290
276
282
272
286
272
278
270
292
270
282
270
280
274
284
274
282
272
282
282
284
272
282
272
278
274
284
274
284
272
290
272
292
270
278
270
280
274
280
274
282
256
276
272
280
272
280
270
284
270
284
276
290
272
276
274
284
272
280
270
282
272
278
280
284
270
282
274
280
272
282
272
