42
36
42
278
40
40
40
42
38
270
282
272
280
278
284
276
284
276
282
270
282
270
282
266
284
284
282
274
280
276
280
272
280
272
278
1148
292
278
278
274
282
268
282
270
276
272
282
282
292
276
278
276
42390
270
280
270
282
272
288
276
282
272
276
274
282
272
280
270
282
282
284
42716
286
272
276
278
282
272
280
274
288
276
282
272
280
276
278
272
282
270
280
286
282
276
278
270
278
272
280
268
282
268
280
282
288
274
280
272
282
270
282
270
280
272
288
276
284
274
280
270
286
272
278
272
284
282
282
272
290
276
572
272
1240
270
282
274
288
276
284
272
282
280
282
272
282
270
278
284
280
278
276
274
284
274
280
272
278
270
292
276
290
270
278
276
284
272
278
274
280
286
282
276
280
276
278
270
282
270
278
272
292
272
282
268
286
276
280
272
280
270
282
274
982
276
280
270
280
274
280
268
284
270
282
280
284
274
276
276
278
272
280
268
278
270
290
276
978
276
280
274
282
270
282
270
284
280
286
268
282
270
278
272
280
270
282
272
292
276
282
276
284
274
282
270
284
270
276
284
282
278
280
276
278
274
282
274
