38
44
40
272
40
40
40
40
40
258
254
262
38
262
246
258
288
276
282
276
280
274
280
276
280
282
280
272
278
276
284
270
280
278
280
274
294
274
282
270
280
272
280
272
280
274
278
284
288
274
280
270
280
272
280
272
278
274
290
274
278
274
278
270
278
270
282
278
284
282
280
270
286
278
284
274
274
272
282
272
288
274
282
274
280
274
284
274
276
274
280
280
286
272
280
276
278
268
284
274
284
278
284
284
286
274
280
276
282
276
278
274
276
272
286
276
282
276
280
272
280
274
280
1126
284
278
282
274
290
272
286
1058
280
274
280
276
284
274
282
274
282
278
280
272
278
270
280
282
280
270
282
272
280
278
280
272
282
272
290
272
284
274
276
272
280
272
282
274
278
282
284
272
280
276
278
272
256
254
258
272
266
250
260
274
286
278
284
276
280
276
280
274
288
274
278
272
278
274
280
274
282
276
278
284
280
270
280
272
278
282
282
276
284
274
290
272
288
276
282
274
278
272
280
276
282
256
286
272
1156
274
282
274
280
270
284
276
1226
274
280
276
284
276
284
276
276
272
278
282
278
276
282
274
284
276
284
272
